XBB.1.9*,BA.5.2*,XBB.1.16*,BF.7.14*,XBB.1.22*,XBB.1.5*,date,country
102,0,4,0,4,1,2023-10-09,China
106,1,56,0,16,23,2023-06-07,China
134,0,47,1,41,12,2023-06-26,China
60,0,27,0,18,4,2023-07-12,China
143,0,7,0,4,1,2023-09-05,China
71,0,4,0,7,0,2023-09-02,China
95,0,5,0,5,0,2023-08-17,China
0,118,0,77,0,1,2023-02-27,China
0,199,0,84,0,0,2022-12-22,China
6,49,0,54,0,4,2023-03-11,China
181,0,7,0,11,0,2023-08-28,China
88,0,7,0,13,0,2023-08-18,China
0,43,0,39,0,0,2022-12-08,China
138,0,6,0,16,2,2023-08-16,China
9,48,9,32,15,4,2023-04-01,China
0,210,0,72,0,0,2023-01-17,China
65,0,19,0,10,10,2023-07-20,China
3,116,0,31,0,5,2023-03-02,China
68,0,7,0,8,0,2023-08-19,China
177,12,70,12,38,65,2023-05-08,China
233,4,165,3,35,81,2023-05-15,China
13,64,1,44,0,7,2023-03-24,China
82,0,5,0,5,1,2023-09-10,China
68,1,9,0,9,1,2023-08-04,China
73,0,9,0,9,0,2023-07-23,China
96,0,1,0,1,0,2023-10-10,China
159,0,7,0,19,4,2023-08-07,China
83,2,41,1,15,37,2023-05-12,China
107,1,97,0,27,33,2023-05-21,China
62,0,0,0,0,0,2023-10-12,China
0,75,0,18,0,0,2023-02-12,China
96,0,5,0,2,0,2023-10-16,China
0,51,0,13,0,1,2022-12-15,China
0,54,0,26,0,0,2022-12-18,China
0,237,0,85,0,0,2022-12-01,China
59,0,2,0,7,0,2023-08-25,China
0,200,0,103,0,0,2022-12-19,China
0,276,0,98,0,0,2022-12-27,China
0,291,0,97,0,0,2023-01-16,China
92,2,43,2,12,47,2023-05-07,China
106,0,2,0,1,0,2023-10-18,China
0,66,0,59,0,0,2022-12-05,China
98,0,66,0,30,26,2023-05-26,China
0,54,0,10,0,0,2022-12-07,China
6,145,0,87,0,2,2023-02-28,China
63,0,4,0,1,0,2023-10-08,China
0,97,0,36,0,1,2023-02-17,China
53,0,14,0,15,2,2023-07-21,China
115,0,50,0,20,23,2023-06-02,China
0,155,0,52,0,0,2023-01-08,China
39,21,28,24,4,32,2023-04-21,China
47,0,3,0,0,0,2023-10-02,China
1,78,0,34,0,1,2023-02-26,China
146,8,60,8,29,50,2023-05-05,China
0,60,0,36,0,0,2022-12-04,China
0,68,0,59,0,1,2022-12-09,China
11,52,2,53,3,6,2023-03-31,China
129,0,4,0,12,3,2023-08-30,China
0,38,0,34,0,0,2023-02-11,China
0,39,0,44,0,0,2022-12-11,China
50,0,13,0,15,4,2023-07-14,China
0,164,0,78,0,0,2023-01-12,China
8,22,3,16,3,7,2023-04-08,China
86,0,2,0,8,0,2023-09-03,China
55,0,38,0,18,13,2023-06-10,China
0,123,0,51,0,0,2023-02-01,China
82,0,51,0,25,9,2023-06-16,China
56,0,4,0,0,0,2023-10-19,China
133,0,6,0,14,4,2023-08-14,China
3,113,2,61,0,2,2023-03-07,China
128,11,86,7,24,57,2023-05-01,China
72,0,21,0,38,7,2023-07-05,China
79,0,0,0,7,0,2023-09-15,China
54,0,1,0,3,0,2023-10-03,China
107,0,72,0,32,19,2023-06-01,China
30,30,31,26,24,24,2023-04-19,China
141,2,80,5,28,56,2023-05-10,China
56,0,12,0,20,6,2023-07-26,China
0,99,0,46,0,2,2023-03-09,China
92,10,45,14,10,45,2023-04-28,China
0,117,0,37,0,0,2023-01-07,China
0,66,0,33,0,0,2023-01-29,China
65,1,10,0,10,0,2023-07-28,China
0,234,0,70,0,0,2023-01-10,China
0,220,0,59,0,0,2022-12-21,China
0,97,0,42,0,1,2023-02-02,China
31,36,5,54,3,11,2023-04-07,China
108,21,60,27,8,41,2023-04-26,China
207,0,4,0,9,0,2023-09-11,China
170,1,4,0,2,2,2023-09-12,China
44,0,21,0,13,3,2023-06-22,China
0,475,0,139,0,0,2023-01-03,China
95,0,0,0,1,0,2023-10-11,China
0,80,0,22,1,0,2022-12-17,China
156,1,82,0,46,28,2023-06-12,China
0,87,0,57,0,0,2022-12-23,China
11,58,10,31,0,6,2023-04-11,China
82,0,5,0,14,0,2023-08-20,China
53,0,4,0,0,0,2023-10-15,China
109,0,44,0,25,36,2023-05-18,China
79,0,4,0,12,0,2023-08-26,China
1,90,0,64,0,0,2023-03-08,China
129,0,14,0,27,2,2023-08-15,China
16,0,0,0,0,0,2023-10-29,China
96,0,4,0,2,0,2023-10-06,China
44,0,10,0,10,1,2023-07-15,China
2,105,0,76,0,5,2023-03-17,China
72,0,8,0,13,2,2023-08-12,China
65,1,0,0,0,0,2023-10-20,China
103,2,62,0,11,34,2023-05-13,China
43,46,7,21,3,12,2023-04-14,China
1,108,0,54,0,0,2023-03-14,China
61,0,0,0,0,0,2023-10-23,China
88,0,2,0,8,0,2023-08-31,China
99,0,3,1,16,1,2023-08-11,China
0,65,0,26,0,1,2023-02-05,China
29,0,0,0,1,0,2023-10-22,China
24,0,1,0,0,0,2023-10-30,China
113,4,71,4,17,39,2023-05-06,China
73,0,35,0,26,9,2023-07-06,China
95,0,73,0,25,18,2023-06-14,China
0,86,0,43,1,1,2023-03-15,China
13,25,0,13,1,7,2023-04-09,China
3,203,1,97,0,4,2023-03-03,China
8,77,5,30,0,5,2023-03-28,China
0,64,0,13,0,0,2023-01-22,China
48,0,17,0,11,3,2023-07-09,China
100,2,25,0,15,2,2023-07-18,China
0,114,0,58,0,5,2023-02-20,China
11,33,3,36,2,7,2023-04-05,China
80,0,1,0,1,0,2023-09-21,China
80,0,29,0,21,3,2023-06-29,China
0,215,0,75,0,0,2023-01-11,China
36,0,2,0,0,0,2023-10-01,China
75,0,11,0,21,2,2023-08-02,China
1,110,0,74,0,1,2023-03-13,China
0,37,0,8,0,0,2023-02-04,China
0,333,0,114,0,0,2023-01-05,China
82,0,3,0,3,0,2023-08-27,China
25,0,1,0,0,0,2023-10-26,China
12,70,4,41,3,5,2023-04-10,China
63,32,44,26,12,42,2023-04-23,China
224,2,148,1,47,69,2023-05-16,China
152,0,66,0,46,10,2023-06-19,China
0,166,0,83,0,0,2023-01-06,China
11,28,5,34,3,8,2023-04-04,China
100,0,1,0,6,0,2023-09-08,China
9,69,2,56,2,0,2023-03-27,China
88,0,2,0,0,0,2023-09-26,China
87,0,5,0,9,1,2023-08-24,China
131,0,10,0,20,0,2023-08-23,China
128,0,21,0,26,3,2023-07-31,China
90,0,57,0,24,19,2023-05-31,China
0,93,1,52,1,6,2023-03-21,China
73,0,3,0,2,1,2023-09-22,China
47,0,22,0,13,3,2023-07-01,China
6,93,3,45,1,4,2023-03-23,China
0,95,0,68,0,0,2022-12-31,China
19,21,9,24,3,19,2023-04-16,China
0,117,0,37,0,1,2022-12-16,China
2,98,0,45,0,1,2023-03-01,China
56,0,0,0,1,1,2023-09-24,China
84,0,10,0,15,5,2023-07-25,China
228,2,122,0,50,50,2023-05-22,China
0,87,0,31,0,0,2022-12-14,China
64,0,3,0,1,1,2023-10-13,China
39,53,15,30,7,23,2023-04-18,China
152,13,62,5,30,44,2023-05-09,China
66,0,15,0,16,2,2023-07-13,China
116,5,48,3,27,34,2023-05-11,China
99,0,4,0,2,1,2023-09-14,China
1,166,0,86,0,0,2023-03-06,China
0,67,0,37,0,0,2023-01-31,China
0,108,0,37,0,0,2023-02-03,China
193,3,89,1,22,47,2023-05-23,China
153,0,5,0,2,1,2023-09-18,China
0,80,0,45,0,0,2023-01-26,China
110,0,5,0,6,0,2023-09-20,China
158,2,132,3,34,52,2023-05-17,China
140,0,85,1,56,22,2023-06-13,China
0,85,0,47,0,1,2023-02-18,China
0,80,0,16,0,0,2023-02-09,China
0,154,0,93,0,0,2023-02-10,China
240,9,100,7,34,66,2023-05-04,China
0,270,0,79,0,0,2023-01-02,China
0,348,0,119,0,0,2023-01-09,China
44,0,9,0,14,1,2023-07-29,China
45,0,31,0,13,1,2023-06-17,China
0,139,0,68,0,0,2023-01-30,China
185,2,100,1,43,26,2023-06-05,China
0,61,0,26,0,1,2023-03-04,China
1,133,0,79,0,4,2023-03-10,China
0,127,0,44,0,1,2023-02-06,China
44,0,14,0,7,3,2023-07-22,China
62,0,36,0,16,6,2023-06-23,China
0,32,0,19,0,0,2023-01-21,China
1,181,0,79,0,5,2023-02-24,China
193,1,96,0,51,56,2023-05-24,China
0,107,0,31,0,0,2023-01-18,China
0,119,0,45,0,0,2023-02-07,China
63,0,0,0,0,0,2023-10-04,China
87,10,17,5,5,25,2023-04-30,China
1,104,0,55,2,3,2023-03-16,China
70,0,35,0,27,6,2023-06-28,China
11,12,7,14,0,13,2023-04-15,China
0,39,0,12,0,0,2023-01-27,China
75,0,55,0,20,24,2023-06-08,China
79,0,6,0,10,0,2023-08-10,China
99,1,45,0,33,3,2023-07-04,China
54,0,26,0,9,2,2023-07-16,China
173,15,94,19,30,54,2023-05-03,China
20,0,1,0,0,0,2023-10-25,China
71,0,0,0,0,0,2023-10-07,China
75,0,46,0,18,13,2023-06-09,China
136,0,60,1,18,40,2023-05-25,China
1,122,0,52,0,1,2023-02-23,China
162,0,5,0,19,2,2023-08-22,China
0,70,0,39,0,0,2023-02-08,China
0,167,0,57,0,0,2022-12-02,China
9,58,2,33,1,2,2023-03-22,China
0,243,0,93,0,0,2022-12-26,China
100,1,49,0,19,13,2023-06-21,China
137,0,58,0,30,15,2023-06-27,China
224,1,135,0,39,48,2023-05-29,China
0,76,0,40,0,0,2023-01-24,China
95,0,64,0,17,15,2023-06-04,China
0,197,0,74,1,5,2023-02-21,China
127,0,5,0,0,0,2023-09-19,China
0,95,0,29,0,0,2023-01-25,China
5,41,0,33,0,4,2023-03-25,China
0,120,0,61,0,0,2023-01-20,China
0,114,0,64,0,2,2023-02-13,China
2,54,0,29,0,3,2023-03-05,China
50,0,3,0,0,0,2023-10-14,China
82,39,43,23,12,46,2023-04-25,China
81,0,6,0,2,0,2023-09-16,China
107,16,44,11,12,35,2023-04-27,China
147,0,66,0,35,62,2023-05-19,China
0,249,0,118,0,0,2023-01-04,China
2,102,1,60,0,3,2023-03-20,China
36,0,0,0,0,0,2023-10-27,China
87,1,32,0,14,21,2023-06-03,China
0,110,0,47,0,0,2022-12-03,China
66,0,6,0,9,0,2023-08-05,China
135,1,113,0,43,49,2023-05-30,China
108,0,36,0,21,7,2023-07-03,China
0,352,0,120,0,0,2022-12-28,China
37,13,24,6,7,16,2023-04-22,China
51,0,1,0,1,2,2023-09-28,China
28,0,0,0,0,0,2023-09-30,China
129,0,11,0,20,2,2023-08-01,China
161,0,4,0,9,1,2023-09-04,China
0,169,0,67,0,0,2023-01-28,China
42,0,0,0,0,0,2023-10-24,China
107,0,11,0,15,5,2023-08-09,China
0,60,0,32,0,0,2023-03-12,China
5,30,17,22,0,6,2023-04-02,China
7,42,0,35,1,7,2023-03-26,China
143,0,72,0,40,33,2023-06-06,China
81,0,2,0,12,0,2023-08-13,China
0,62,0,24,0,1,2023-02-25,China
43,40,40,19,10,30,2023-04-20,China
85,0,48,0,18,16,2023-06-11,China
131,0,3,0,6,0,2023-09-06,China
53,0,12,0,7,4,2023-07-02,China
98,0,17,0,14,6,2023-07-27,China
93,2,31,6,7,37,2023-04-29,China
17,0,0,0,0,0,2023-09-29,China
95,0,22,0,27,2,2023-07-17,China
0,103,0,54,0,0,2023-01-13,China
126,0,1,0,9,0,2023-09-13,China
142,0,3,0,6,1,2023-09-25,China
0,118,0,71,0,0,2023-02-16,China
7,53,0,30,3,4,2023-03-29,China
0,153,0,70,0,0,2022-12-29,China
0,157,0,46,0,0,2022-12-20,China
82,0,23,0,25,3,2023-07-19,China
51,0,1,0,0,1,2023-09-23,China
99,0,0,0,1,0,2023-09-27,China
64,1,14,1,19,5,2023-07-07,China
70,0,0,0,0,0,2023-10-17,China
87,29,29,20,14,48,2023-04-24,China
0,123,0,28,0,0,2022-12-12,China
0,134,0,59,0,0,2022-12-25,China
0,109,0,40,0,0,2023-01-19,China
0,146,0,38,0,0,2023-01-15,China
88,0,63,0,25,21,2023-05-27,China
132,0,20,0,21,2,2023-07-24,China
0,75,0,40,0,1,2023-02-22,China
117,1,63,0,18,39,2023-05-20,China
74,1,40,0,20,10,2023-06-15,China
86,0,6,0,3,0,2023-09-09,China
88,0,15,0,24,4,2023-07-30,China
95,0,35,0,16,8,2023-07-10,China
119,1,70,0,36,20,2023-06-20,China
63,0,41,0,25,9,2023-06-18,China
9,35,3,17,0,12,2023-03-30,China
75,0,0,0,0,0,2023-10-05,China
0,79,0,36,0,0,2022-12-13,China
0,76,0,31,0,1,2023-02-15,China
0,160,0,61,0,0,2022-12-30,China
115,1,71,0,20,34,2023-05-28,China
38,1,13,0,14,1,2023-07-08,China
53,0,28,0,16,13,2023-06-24,China
3,65,6,44,2,6,2023-04-03,China
26,0,0,0,0,0,2023-10-21,China
11,58,3,48,1,10,2023-04-06,China
55,0,12,0,18,0,2023-08-06,China
2,56,0,32,0,1,2023-02-19,China
161,0,7,0,16,0,2023-08-21,China
0,59,0,18,0,0,2023-01-14,China
16,0,0,0,0,0,2023-10-28,China
0,76,0,31,0,0,2022-12-06,China
0,39,0,7,0,0,2022-12-10,China
0,73,0,22,0,0,2023-01-01,China
65,0,2,0,2,1,2023-09-17,China
0,36,0,38,0,0,2023-03-19,China
126,2,106,2,22,44,2023-05-14,China
1,64,4,19,0,0,2023-03-18,China
57,56,24,45,6,20,2023-04-17,China
11,34,7,19,7,3,2023-04-12,China
17,40,3,23,2,13,2023-04-13,China
121,14,62,5,23,36,2023-05-02,China
76,1,23,0,28,6,2023-07-11,China
161,0,4,0,13,1,2023-08-29,China
133,0,10,0,25,1,2023-08-08,China
77,0,6,0,18,0,2023-08-03,China
0,90,0,71,0,0,2022-12-24,China
0,66,0,28,0,0,2023-01-23,China
109,0,2,1,3,0,2023-09-01,China
72,0,47,0,28,5,2023-06-25,China
0,94,0,43,0,0,2023-02-14,China
65,0,23,0,9,6,2023-06-30,China
95,0,2,0,2,0,2023-09-07,China
26,0,5,0,2,2,2023-10-09,Japan
76,0,54,0,10,25,2023-06-07,Japan
101,1,89,0,18,54,2023-06-26,Japan
79,0,91,0,20,27,2023-07-12,Japan
139,0,52,0,24,42,2023-09-05,Japan
60,0,24,0,5,20,2023-09-02,Japan
150,0,69,0,25,34,2023-08-17,Japan
5,68,0,0,0,19,2023-02-27,Japan
0,510,0,2,0,0,2022-12-22,Japan
9,16,1,0,0,15,2023-03-11,Japan
203,0,82,0,29,37,2023-08-28,Japan
170,0,64,0,19,31,2023-08-18,Japan
0,519,0,0,0,1,2022-12-08,Japan
156,0,67,0,20,27,2023-08-16,Japan
15,6,11,0,1,37,2023-04-01,Japan
0,225,0,3,0,3,2023-01-17,Japan
118,0,87,0,17,34,2023-07-20,Japan
10,27,0,1,0,19,2023-03-02,Japan
77,0,28,0,16,10,2023-08-19,Japan
27,0,29,0,1,35,2023-05-08,Japan
43,1,36,0,1,31,2023-05-15,Japan
23,17,15,0,1,46,2023-03-24,Japan
32,0,6,0,3,5,2023-09-10,Japan
128,0,90,0,25,33,2023-08-04,Japan
18,0,9,0,2,9,2023-07-23,Japan
77,0,13,0,12,18,2023-10-10,Japan
182,0,106,0,21,51,2023-08-07,Japan
32,0,34,1,1,12,2023-05-12,Japan
9,0,7,0,1,6,2023-05-21,Japan
46,0,9,0,2,8,2023-10-12,Japan
0,21,0,1,0,1,2023-02-12,Japan
46,0,7,0,3,9,2023-10-16,Japan
0,497,0,2,0,0,2022-12-15,Japan
0,62,0,0,0,0,2022-12-18,Japan
0,527,0,0,0,1,2022-12-01,Japan
164,0,59,0,17,23,2023-08-25,Japan
0,659,0,2,0,2,2022-12-19,Japan
1,412,0,2,0,4,2022-12-27,Japan
0,328,0,5,0,3,2023-01-16,Japan
18,1,31,0,2,19,2023-05-07,Japan
35,0,1,0,3,2,2023-10-18,Japan
0,741,0,0,0,2,2022-12-05,Japan
38,0,33,0,5,23,2023-05-26,Japan
0,394,0,0,0,1,2022-12-07,Japan
3,36,0,0,0,11,2023-02-28,Japan
12,0,1,0,3,5,2023-10-08,Japan
5,72,0,2,0,2,2023-02-17,Japan
126,0,73,0,29,26,2023-07-21,Japan
37,0,53,0,9,17,2023-06-02,Japan
0,59,0,7,0,1,2023-01-08,Japan
75,6,40,1,15,67,2023-04-21,Japan
83,0,18,0,10,27,2023-10-02,Japan
0,8,0,1,0,3,2023-02-26,Japan
21,0,36,0,3,20,2023-05-05,Japan
0,83,0,0,0,0,2022-12-04,Japan
0,538,0,0,0,0,2022-12-09,Japan
32,11,24,0,2,40,2023-03-31,Japan
137,0,50,0,23,21,2023-08-30,Japan
0,13,0,1,0,3,2023-02-11,Japan
0,91,0,0,0,0,2022-12-11,Japan
103,0,87,0,13,14,2023-07-14,Japan
0,284,0,6,0,2,2023-01-12,Japan
29,9,22,0,1,36,2023-04-08,Japan
31,0,11,0,5,3,2023-09-03,Japan
29,0,32,0,1,16,2023-06-10,Japan
0,106,0,4,0,4,2023-02-01,Japan
60,0,57,0,6,23,2023-06-16,Japan
32,0,5,0,1,6,2023-10-19,Japan
163,0,86,0,22,33,2023-08-14,Japan
15,39,2,0,2,20,2023-03-07,Japan
105,1,72,0,11,72,2023-05-01,Japan
70,0,57,0,15,20,2023-07-05,Japan
109,0,36,0,14,20,2023-09-15,Japan
57,0,12,0,8,10,2023-10-03,Japan
53,1,49,0,10,34,2023-06-01,Japan
53,7,46,0,3,57,2023-04-19,Japan
29,0,28,0,0,14,2023-05-10,Japan
118,0,62,0,15,20,2023-07-26,Japan
8,26,5,0,2,19,2023-03-09,Japan
105,2,88,0,8,84,2023-04-28,Japan
0,265,0,3,0,1,2023-01-07,Japan
0,25,0,1,0,0,2023-01-29,Japan
117,0,61,0,16,25,2023-07-28,Japan
0,407,0,9,0,3,2023-01-10,Japan
0,364,0,4,0,1,2022-12-21,Japan
1,117,0,0,0,3,2023-02-02,Japan
28,13,21,0,1,58,2023-04-07,Japan
77,0,55,0,4,77,2023-04-26,Japan
179,0,53,0,36,37,2023-09-11,Japan
102,0,31,0,11,17,2023-09-12,Japan
71,0,65,0,6,31,2023-06-22,Japan
0,88,0,13,0,0,2023-01-03,Japan
50,0,9,0,10,11,2023-10-11,Japan
0,278,0,0,0,0,2022-12-17,Japan
70,6,72,0,13,42,2023-06-12,Japan
1,479,0,2,0,5,2022-12-23,Japan
38,8,36,0,1,44,2023-04-11,Japan
30,0,15,0,6,7,2023-08-20,Japan
9,0,0,0,1,0,2023-10-15,Japan
37,3,31,0,0,20,2023-05-18,Japan
81,0,29,0,13,10,2023-08-26,Japan
8,33,1,0,1,13,2023-03-08,Japan
103,0,49,0,17,17,2023-08-15,Japan
0,0,0,0,0,0,2023-10-29,Japan
61,0,9,0,7,15,2023-10-06,Japan
40,0,40,0,8,10,2023-07-15,Japan
7,17,5,0,0,16,2023-03-17,Japan
90,0,47,0,14,17,2023-08-12,Japan
29,0,3,0,5,6,2023-10-20,Japan
18,0,31,0,0,17,2023-05-13,Japan
40,0,36,0,3,47,2023-04-14,Japan
7,19,5,0,0,24,2023-03-14,Japan
31,0,4,0,5,2,2023-10-23,Japan
139,0,69,0,22,21,2023-08-31,Japan
45,0,23,0,5,1,2023-08-11,Japan
0,15,0,0,0,1,2023-02-05,Japan
9,0,0,0,0,0,2023-10-22,Japan
1,0,0,0,1,0,2023-10-30,Japan
61,0,106,0,5,44,2023-05-06,Japan
74,0,55,0,16,17,2023-07-06,Japan
52,1,64,0,9,25,2023-06-14,Japan
7,12,2,0,1,24,2023-03-15,Japan
11,0,7,0,0,14,2023-04-09,Japan
5,32,1,0,0,15,2023-03-03,Japan
45,18,10,0,0,31,2023-03-28,Japan
0,25,0,1,0,0,2023-01-22,Japan
15,0,4,0,1,3,2023-07-09,Japan
162,0,108,0,24,23,2023-07-18,Japan
4,85,0,1,0,12,2023-02-20,Japan
29,8,24,0,1,52,2023-04-05,Japan
115,0,27,0,21,28,2023-09-21,Japan
63,0,72,0,8,25,2023-06-29,Japan
0,249,0,7,0,2,2023-01-11,Japan
9,0,1,0,0,3,2023-10-01,Japan
131,0,76,0,16,29,2023-08-02,Japan
11,28,6,0,0,27,2023-03-13,Japan
1,65,0,1,0,2,2023-02-04,Japan
2,482,0,14,0,3,2023-01-05,Japan
16,0,8,0,2,4,2023-08-27,Japan
31,0,4,0,2,5,2023-10-26,Japan
36,8,43,0,1,71,2023-04-10,Japan
15,0,16,0,0,10,2023-04-23,Japan
36,0,38,0,3,29,2023-05-16,Japan
76,0,90,0,7,27,2023-06-19,Japan
1,487,0,14,0,3,2023-01-06,Japan
38,20,23,0,2,63,2023-04-04,Japan
131,0,51,0,23,19,2023-09-08,Japan
20,17,21,0,0,46,2023-03-27,Japan
118,0,25,0,12,25,2023-09-26,Japan
152,0,53,0,13,20,2023-08-24,Japan
142,0,52,0,23,28,2023-08-23,Japan
192,0,103,0,27,35,2023-07-31,Japan
39,0,38,0,2,30,2023-05-31,Japan
7,7,1,0,0,20,2023-03-21,Japan
111,0,33,0,13,23,2023-09-22,Japan
35,0,42,0,4,14,2023-07-01,Japan
26,20,12,1,0,38,2023-03-23,Japan
0,116,0,7,0,0,2022-12-31,Japan
12,1,14,0,0,19,2023-04-16,Japan
1,535,0,0,0,2,2022-12-16,Japan
6,33,1,0,0,13,2023-03-01,Japan
12,0,4,0,4,2,2023-09-24,Japan
119,0,69,0,16,22,2023-07-25,Japan
53,1,50,0,0,26,2023-05-22,Japan
0,377,0,2,0,1,2022-12-14,Japan
49,0,9,0,9,3,2023-10-13,Japan
53,4,46,2,8,63,2023-04-18,Japan
20,0,21,0,2,20,2023-05-09,Japan
80,0,62,0,13,26,2023-07-13,Japan
17,1,22,0,2,25,2023-05-11,Japan
114,0,24,0,20,12,2023-09-14,Japan
13,60,5,0,0,22,2023-03-06,Japan
0,154,0,5,0,7,2023-01-31,Japan
2,107,0,1,0,2,2023-02-03,Japan
42,1,32,0,2,16,2023-05-23,Japan
41,0,8,0,4,8,2023-09-18,Japan
0,116,0,3,0,2,2023-01-26,Japan
130,0,29,0,23,35,2023-09-20,Japan
25,3,29,0,4,29,2023-05-17,Japan
69,3,63,0,6,27,2023-06-13,Japan
3,43,0,1,0,3,2023-02-18,Japan
2,95,0,4,0,5,2023-02-09,Japan
2,75,0,0,0,4,2023-02-10,Japan
30,0,33,0,4,27,2023-05-04,Japan
0,106,0,2,0,1,2023-01-02,Japan
0,72,0,7,0,1,2023-01-09,Japan
57,0,42,0,13,11,2023-07-29,Japan
37,1,29,0,3,10,2023-06-17,Japan
2,164,0,2,0,4,2023-01-30,Japan
81,0,75,0,5,35,2023-06-05,Japan
4,28,3,0,1,13,2023-03-04,Japan
8,20,2,0,0,19,2023-03-10,Japan
3,138,0,2,0,8,2023-02-06,Japan
62,0,46,0,14,18,2023-07-22,Japan
81,0,64,0,10,27,2023-06-23,Japan
1,119,0,2,0,2,2023-01-21,Japan
5,54,0,2,0,10,2023-02-24,Japan
42,1,45,0,6,16,2023-05-24,Japan
0,186,0,4,0,1,2023-01-18,Japan
0,107,0,1,0,6,2023-02-07,Japan
50,0,11,0,5,14,2023-10-04,Japan
9,3,15,0,0,11,2023-04-30,Japan
12,17,4,2,1,14,2023-03-16,Japan
69,0,95,0,6,14,2023-06-28,Japan
17,3,34,0,0,43,2023-04-15,Japan
0,154,0,8,0,5,2023-01-27,Japan
46,0,46,0,8,19,2023-06-08,Japan
126,0,65,0,20,19,2023-08-10,Japan
79,0,59,0,9,16,2023-07-04,Japan
25,0,10,0,8,1,2023-07-16,Japan
18,0,26,0,1,19,2023-05-03,Japan
23,0,1,0,5,7,2023-10-25,Japan
28,0,8,0,3,7,2023-10-07,Japan
52,2,63,0,10,25,2023-06-09,Japan
32,1,36,0,2,24,2023-05-25,Japan
1,19,0,0,0,4,2023-02-23,Japan
186,0,63,0,19,19,2023-08-22,Japan
2,76,0,3,0,3,2023-02-08,Japan
1,524,0,0,0,0,2022-12-02,Japan
17,23,17,3,2,56,2023-03-22,Japan
1,536,0,12,0,4,2022-12-26,Japan
65,17,69,0,10,27,2023-06-21,Japan
92,0,76,0,10,25,2023-06-27,Japan
56,3,56,0,6,33,2023-05-29,Japan
0,199,0,3,0,6,2023-01-24,Japan
8,0,9,0,3,5,2023-06-04,Japan
0,74,0,2,0,6,2023-02-21,Japan
179,0,51,0,34,38,2023-09-19,Japan
1,95,0,1,0,2,2023-01-25,Japan
12,6,8,3,0,36,2023-03-25,Japan
0,174,0,4,0,5,2023-01-20,Japan
3,99,0,1,0,7,2023-02-13,Japan
0,14,0,0,0,3,2023-03-05,Japan
34,0,3,0,2,4,2023-10-14,Japan
101,2,55,0,2,126,2023-04-25,Japan
56,0,15,0,8,14,2023-09-16,Japan
80,10,82,0,0,119,2023-04-27,Japan
27,0,31,0,1,15,2023-05-19,Japan
0,547,0,26,0,0,2023-01-04,Japan
15,16,19,0,0,40,2023-03-20,Japan
26,0,2,0,1,6,2023-10-27,Japan
29,1,30,0,6,20,2023-06-03,Japan
0,246,0,0,0,0,2022-12-03,Japan
65,0,36,0,14,12,2023-08-05,Japan
48,0,50,0,4,39,2023-05-30,Japan
100,0,89,0,21,36,2023-07-03,Japan
0,260,0,2,0,2,2022-12-28,Japan
33,1,27,0,0,40,2023-04-22,Japan
71,0,15,0,13,9,2023-09-28,Japan
39,0,11,0,6,13,2023-09-30,Japan
131,0,73,0,27,36,2023-08-01,Japan
223,0,70,0,33,33,2023-09-04,Japan
0,91,0,1,0,1,2023-01-28,Japan
21,0,1,0,2,9,2023-10-24,Japan
119,0,67,0,19,19,2023-08-09,Japan
5,6,1,0,0,10,2023-03-12,Japan
4,3,5,0,0,11,2023-04-02,Japan
5,2,1,0,1,13,2023-03-26,Japan
51,0,74,0,3,32,2023-06-06,Japan
21,0,8,0,5,3,2023-08-13,Japan
4,34,0,0,0,7,2023-02-25,Japan
74,4,47,0,4,51,2023-04-20,Japan
8,0,11,0,0,6,2023-06-11,Japan
142,0,43,0,16,24,2023-09-06,Japan
14,0,25,0,1,8,2023-07-02,Japan
111,0,64,0,18,29,2023-07-27,Japan
22,0,29,0,1,27,2023-04-29,Japan
83,0,18,0,11,14,2023-09-29,Japan
39,0,25,0,4,7,2023-07-17,Japan
0,300,0,3,0,3,2023-01-13,Japan
111,0,23,0,15,21,2023-09-13,Japan
151,0,30,0,27,29,2023-09-25,Japan
2,64,0,1,0,5,2023-02-16,Japan
19,9,6,0,3,50,2023-03-29,Japan
0,265,0,5,0,0,2022-12-29,Japan
3,508,0,4,0,1,2022-12-20,Japan
124,0,88,0,33,33,2023-07-19,Japan
12,0,1,0,5,1,2023-09-23,Japan
90,0,11,0,19,24,2023-09-27,Japan
58,0,54,0,14,15,2023-07-07,Japan
29,0,8,0,6,4,2023-10-17,Japan
94,1,89,3,7,85,2023-04-24,Japan
1,677,0,1,0,1,2022-12-12,Japan
0,60,0,0,0,0,2022-12-25,Japan
0,197,0,6,0,5,2023-01-19,Japan
0,55,0,0,0,0,2023-01-15,Japan
28,0,29,1,4,18,2023-05-27,Japan
187,1,109,0,22,41,2023-07-24,Japan
4,64,0,4,0,12,2023-02-22,Japan
17,0,25,0,1,15,2023-05-20,Japan
68,0,53,0,9,28,2023-06-15,Japan
50,0,13,0,4,9,2023-09-09,Japan
25,0,15,0,3,4,2023-07-30,Japan
124,0,102,0,20,25,2023-07-10,Japan
76,1,57,0,9,32,2023-06-20,Japan
21,0,16,0,2,12,2023-06-18,Japan
29,16,16,1,1,59,2023-03-30,Japan
45,0,10,0,9,16,2023-10-05,Japan
1,575,0,0,0,1,2022-12-13,Japan
0,59,0,2,0,4,2023-02-15,Japan
0,247,0,24,0,2,2022-12-30,Japan
19,0,11,0,4,2,2023-05-28,Japan
59,0,56,0,8,10,2023-07-08,Japan
42,0,37,0,4,21,2023-06-24,Japan
48,9,21,1,3,59,2023-04-03,Japan
21,0,5,0,0,1,2023-10-21,Japan
35,8,33,0,0,46,2023-04-06,Japan
21,0,13,0,3,6,2023-08-06,Japan
2,26,0,1,0,5,2023-02-19,Japan
184,0,63,0,25,33,2023-08-21,Japan
0,166,0,2,0,1,2023-01-14,Japan
10,0,0,0,0,2,2023-10-28,Japan
0,554,0,0,0,1,2022-12-06,Japan
0,252,0,0,0,0,2022-12-10,Japan
0,107,0,18,0,0,2023-01-01,Japan
25,0,10,0,1,3,2023-09-17,Japan
5,7,3,0,0,9,2023-03-19,Japan
9,0,3,0,0,1,2023-05-14,Japan
6,11,4,0,2,11,2023-03-18,Japan
64,8,66,3,3,78,2023-04-17,Japan
34,5,42,1,0,58,2023-04-12,Japan
25,7,38,1,3,55,2023-04-13,Japan
47,2,51,0,4,35,2023-05-02,Japan
105,0,77,0,14,22,2023-07-11,Japan
164,0,59,0,24,25,2023-08-29,Japan
124,0,81,0,19,22,2023-08-08,Japan
119,0,80,0,17,16,2023-08-03,Japan
0,245,0,1,0,0,2022-12-24,Japan
0,245,0,8,0,6,2023-01-23,Japan
146,0,39,0,25,25,2023-09-01,Japan
8,0,20,0,2,10,2023-06-25,Japan
4,96,0,2,0,11,2023-02-14,Japan
72,0,67,0,8,30,2023-06-30,Japan
139,0,42,0,19,27,2023-09-07,Japan
359,0,147,0,1,43,2023-10-09,USA
83,0,102,0,12,193,2023-06-07,USA
126,0,128,0,18,149,2023-06-26,USA
138,0,169,0,20,158,2023-07-12,USA
773,0,380,0,25,188,2023-09-05,USA
275,0,164,0,15,75,2023-09-02,USA
452,0,338,0,26,184,2023-08-17,USA
18,5,4,0,0,1824,2023-02-27,USA
4,161,0,6,0,259,2022-12-22,USA
23,1,7,0,0,825,2023-03-11,USA
754,0,408,0,34,220,2023-08-28,USA
388,0,262,0,26,142,2023-08-18,USA
1,329,0,0,0,143,2022-12-08,USA
492,0,352,0,27,187,2023-08-16,USA
38,0,22,0,2,623,2023-04-01,USA
6,57,0,0,0,1104,2023-01-17,USA
152,0,129,0,14,122,2023-07-20,USA
29,7,1,0,0,1924,2023-03-02,USA
268,0,182,0,13,86,2023-08-19,USA
119,1,102,0,6,517,2023-05-08,USA
121,1,98,0,9,397,2023-05-15,USA
51,0,17,0,3,1015,2023-03-24,USA
401,0,171,0,6,68,2023-09-10,USA
239,0,193,0,25,139,2023-08-04,USA
116,0,97,0,9,78,2023-07-23,USA
330,0,121,0,10,34,2023-10-10,USA
384,0,312,0,39,209,2023-08-07,USA
73,0,73,0,3,316,2023-05-12,USA
54,1,85,0,6,179,2023-05-21,USA
248,0,72,0,3,35,2023-10-12,USA
9,2,0,0,0,1100,2023-02-12,USA
239,0,77,0,1,25,2023-10-16,USA
4,258,0,1,0,221,2022-12-15,USA
0,164,0,0,0,231,2022-12-18,USA
4,534,0,0,0,80,2022-12-01,USA
477,0,331,0,23,152,2023-08-25,USA
2,288,0,2,0,455,2022-12-19,USA
4,210,0,2,0,423,2022-12-27,USA
7,47,0,1,0,1112,2023-01-16,USA
58,0,36,0,3,257,2023-05-07,USA
189,0,52,0,3,25,2023-10-18,USA
5,476,0,0,0,190,2022-12-05,USA
78,1,68,0,7,199,2023-05-26,USA
3,439,0,0,0,140,2022-12-07,USA
34,4,5,0,1,1694,2023-02-28,USA
212,0,81,0,3,29,2023-10-08,USA
16,5,0,0,0,1502,2023-02-17,USA
145,0,155,0,11,123,2023-07-21,USA
57,0,77,0,10,188,2023-06-02,USA
8,42,1,1,0,444,2023-01-08,USA
55,0,50,0,2,618,2023-04-21,USA
567,0,241,0,12,62,2023-10-02,USA
13,3,0,0,1,1006,2023-02-26,USA
72,0,54,0,7,495,2023-05-05,USA
1,275,0,0,0,83,2022-12-04,USA
1,319,0,0,0,171,2022-12-09,USA
40,0,17,0,1,780,2023-03-31,USA
584,0,423,0,17,148,2023-08-30,USA
9,6,0,0,0,1055,2023-02-11,USA
2,214,0,0,0,159,2022-12-11,USA
104,0,114,0,16,105,2023-07-14,USA
5,66,0,1,0,731,2023-01-12,USA
41,0,33,0,0,517,2023-04-08,USA
316,0,152,0,11,70,2023-09-03,USA
58,0,54,0,3,108,2023-06-10,USA
10,11,0,0,0,1230,2023-02-01,USA
64,0,72,0,5,109,2023-06-16,USA
170,0,52,0,2,18,2023-10-19,USA
420,0,327,0,31,200,2023-08-14,USA
29,2,6,0,0,1505,2023-03-07,USA
105,0,119,0,5,717,2023-05-01,USA
149,0,117,0,20,154,2023-07-05,USA
418,0,207,0,18,103,2023-09-15,USA
474,0,169,0,12,65,2023-10-03,USA
90,0,91,0,11,223,2023-06-01,USA
121,0,95,0,8,1144,2023-04-19,USA
133,0,123,0,11,559,2023-05-10,USA
258,1,193,0,28,177,2023-07-26,USA
49,1,7,0,1,1416,2023-03-09,USA
72,0,77,0,3,561,2023-04-28,USA
0,62,0,0,0,442,2023-01-07,USA
10,10,0,0,0,932,2023-01-29,USA
224,0,189,0,22,118,2023-07-28,USA
5,96,0,0,0,797,2023-01-10,USA
2,178,0,5,0,296,2022-12-21,USA
8,12,0,0,1,1374,2023-02-02,USA
64,0,34,0,1,694,2023-04-07,USA
119,0,91,0,5,1005,2023-04-26,USA
685,0,356,0,18,139,2023-09-11,USA
591,0,322,0,9,117,2023-09-12,USA
96,0,89,0,13,171,2023-06-22,USA
13,162,2,3,0,647,2023-01-03,USA
289,0,85,0,7,25,2023-10-11,USA
2,144,0,1,0,199,2022-12-17,USA
90,0,109,0,9,185,2023-06-12,USA
1,118,0,2,0,288,2022-12-23,USA
84,0,59,0,1,983,2023-04-11,USA
271,1,192,0,17,102,2023-08-20,USA
149,0,44,0,0,15,2023-10-15,USA
101,0,99,0,7,418,2023-05-18,USA
358,0,197,0,11,100,2023-08-26,USA
48,9,15,0,1,1895,2023-03-08,USA
405,0,311,0,24,192,2023-08-15,USA
38,0,12,0,0,3,2023-10-29,USA
312,0,123,0,2,56,2023-10-06,USA
80,1,84,0,12,84,2023-07-15,USA
49,2,19,0,1,1007,2023-03-17,USA
209,0,152,0,13,81,2023-08-12,USA
151,0,51,0,3,19,2023-10-20,USA
52,0,49,0,3,198,2023-05-13,USA
51,0,57,0,1,724,2023-04-14,USA
47,3,10,0,0,1388,2023-03-14,USA
139,0,42,0,2,18,2023-10-23,USA
458,0,290,0,15,129,2023-08-31,USA
291,0,222,0,18,129,2023-08-11,USA
7,10,0,0,0,1039,2023-02-05,USA
98,0,25,0,2,4,2023-10-22,USA
71,0,21,0,0,11,2023-10-30,USA
54,0,39,0,1,281,2023-05-06,USA
116,0,147,0,11,144,2023-07-06,USA
93,0,90,0,10,144,2023-06-14,USA
40,5,10,0,1,1836,2023-03-15,USA
32,0,23,0,0,408,2023-04-09,USA
18,2,5,0,1,1354,2023-03-03,USA
60,1,22,0,2,1136,2023-03-28,USA
2,18,0,0,0,973,2023-01-22,USA
67,0,75,0,10,65,2023-07-09,USA
183,0,176,0,23,161,2023-07-18,USA
24,6,1,0,0,1792,2023-02-20,USA
73,0,43,0,0,947,2023-04-05,USA
568,0,250,0,19,97,2023-09-21,USA
111,0,108,0,6,119,2023-06-29,USA
3,82,0,1,0,754,2023-01-11,USA
323,0,132,0,7,46,2023-10-01,USA
296,0,221,0,22,157,2023-08-02,USA
35,0,8,0,0,1597,2023-03-13,USA
9,10,1,0,0,899,2023-02-04,USA
3,91,0,0,0,577,2023-01-05,USA
395,0,234,0,18,101,2023-08-27,USA
74,0,21,0,1,8,2023-10-26,USA
102,0,51,0,3,1061,2023-04-10,USA
48,0,51,0,2,350,2023-04-23,USA
86,0,90,0,4,389,2023-05-16,USA
81,1,79,0,14,161,2023-06-19,USA
5,81,0,2,0,649,2023-01-06,USA
77,2,41,0,3,1039,2023-04-04,USA
489,0,303,0,25,92,2023-09-08,USA
69,1,41,0,2,1265,2023-03-27,USA
621,0,304,0,15,92,2023-09-26,USA
643,0,441,0,33,186,2023-08-24,USA
638,0,461,0,31,212,2023-08-23,USA
290,0,244,0,40,156,2023-07-31,USA
122,0,115,0,9,258,2023-05-31,USA
68,1,27,0,1,1262,2023-03-21,USA
472,0,163,0,9,78,2023-09-22,USA
36,0,42,0,8,69,2023-07-01,USA
65,1,21,0,2,1182,2023-03-23,USA
4,89,1,0,0,356,2022-12-31,USA
61,0,28,0,5,475,2023-04-16,USA
3,204,0,0,0,257,2022-12-16,USA
36,4,2,0,0,1766,2023-03-01,USA
339,0,107,0,5,43,2023-09-24,USA
270,0,188,0,21,203,2023-07-25,USA
105,0,105,0,8,355,2023-05-22,USA
1,224,0,0,0,202,2022-12-14,USA
212,0,61,0,2,37,2023-10-13,USA
76,2,59,0,5,718,2023-04-18,USA
123,2,102,0,5,599,2023-05-09,USA
137,2,140,0,24,126,2023-07-13,USA
108,0,106,0,4,485,2023-05-11,USA
545,0,272,0,14,101,2023-09-14,USA
32,3,4,0,1,1582,2023-03-06,USA
13,13,0,0,0,1360,2023-01-31,USA
7,13,1,1,0,1395,2023-02-03,USA
103,0,88,0,12,322,2023-05-23,USA
691,0,355,0,16,104,2023-09-18,USA
16,25,1,1,0,1246,2023-01-26,USA
688,0,277,0,16,101,2023-09-20,USA
124,0,108,0,7,335,2023-05-17,USA
88,0,91,0,14,177,2023-06-13,USA
10,4,0,0,0,1015,2023-02-18,USA
9,12,1,0,0,1655,2023-02-09,USA
6,16,0,0,1,1568,2023-02-10,USA
150,2,114,0,7,918,2023-05-04,USA
5,143,0,4,0,848,2023-01-02,USA
5,93,0,2,0,884,2023-01-09,USA
129,0,105,0,9,78,2023-07-29,USA
56,0,41,0,4,76,2023-06-17,USA
9,33,0,0,0,1856,2023-01-30,USA
95,0,107,0,11,221,2023-06-05,USA
21,0,6,0,0,911,2023-03-04,USA
45,0,10,0,0,1270,2023-03-10,USA
10,20,2,0,1,1860,2023-02-06,USA
131,0,101,0,10,78,2023-07-22,USA
83,0,84,0,9,145,2023-06-23,USA
2,14,0,3,0,744,2023-01-21,USA
15,3,0,0,0,1366,2023-02-24,USA
71,1,89,0,10,285,2023-05-24,USA
4,54,0,1,0,1025,2023-01-18,USA
11,13,0,0,0,1729,2023-02-07,USA
436,0,144,0,10,43,2023-10-04,USA
55,1,38,1,2,321,2023-04-30,USA
45,1,22,0,1,1328,2023-03-16,USA
100,0,102,0,15,141,2023-06-28,USA
48,1,46,0,2,482,2023-04-15,USA
4,20,1,0,0,1213,2023-01-27,USA
78,0,73,0,14,175,2023-06-08,USA
350,0,264,0,26,148,2023-08-10,USA
51,1,72,0,6,79,2023-07-04,USA
99,0,84,0,12,72,2023-07-16,USA
93,1,61,0,9,696,2023-05-03,USA
102,0,20,0,0,12,2023-10-25,USA
229,0,70,0,5,28,2023-10-07,USA
66,0,85,0,13,153,2023-06-09,USA
78,0,66,0,11,231,2023-05-25,USA
24,14,2,0,0,1867,2023-02-23,USA
572,0,369,0,33,164,2023-08-22,USA
8,65,0,0,0,1712,2023-02-08,USA
3,469,0,0,0,101,2022-12-02,USA
52,0,20,0,1,1747,2023-03-22,USA
2,167,0,4,0,386,2022-12-26,USA
98,0,110,0,8,166,2023-06-21,USA
95,0,111,0,17,115,2023-06-27,USA
54,0,46,0,3,138,2023-05-29,USA
8,34,1,3,0,1353,2023-01-24,USA
53,0,63,0,3,103,2023-06-04,USA
17,9,2,0,0,1934,2023-02-21,USA
632,0,298,0,18,99,2023-09-19,USA
11,25,0,0,1,1168,2023-01-25,USA
47,0,23,0,2,706,2023-03-25,USA
2,36,0,0,0,997,2023-01-20,USA
16,12,3,0,0,2069,2023-02-13,USA
19,0,5,0,1,915,2023-03-05,USA
148,0,47,0,2,19,2023-10-14,USA
123,1,78,0,9,745,2023-04-25,USA
322,0,134,0,6,61,2023-09-16,USA
77,1,58,0,9,605,2023-04-27,USA
76,0,83,0,4,271,2023-05-19,USA
3,120,0,1,0,549,2023-01-04,USA
71,0,20,0,0,1513,2023-03-20,USA
59,0,20,0,2,1,2023-10-27,USA
49,0,47,0,2,121,2023-06-03,USA
1,284,0,0,0,56,2022-12-03,USA
186,0,151,0,13,91,2023-08-05,USA
101,0,96,0,11,302,2023-05-30,USA
113,0,102,0,8,135,2023-07-03,USA
4,183,0,1,0,428,2022-12-28,USA
45,0,34,0,4,363,2023-04-22,USA
477,0,178,0,11,83,2023-09-28,USA
264,0,114,0,3,38,2023-09-30,USA
294,0,255,0,26,181,2023-08-01,USA
362,0,229,0,26,76,2023-09-04,USA
7,16,0,0,0,888,2023-01-28,USA
110,0,53,0,0,8,2023-10-24,USA
366,1,301,0,23,199,2023-08-09,USA
28,0,13,0,2,789,2023-03-12,USA
46,0,19,0,1,606,2023-04-02,USA
47,0,26,0,2,702,2023-03-26,USA
100,2,102,0,9,213,2023-06-06,USA
222,0,175,0,16,117,2023-08-13,USA
19,3,3,0,0,961,2023-02-25,USA
71,2,57,0,4,623,2023-04-20,USA
43,0,47,0,4,90,2023-06-11,USA
669,0,409,0,23,141,2023-09-06,USA
46,0,61,0,9,64,2023-07-02,USA
225,0,216,0,23,157,2023-07-27,USA
50,0,53,0,2,350,2023-04-29,USA
368,0,153,0,7,57,2023-09-29,USA
179,0,163,0,18,168,2023-07-17,USA
6,59,0,0,0,806,2023-01-13,USA
653,0,282,0,13,112,2023-09-13,USA
609,0,250,0,18,86,2023-09-25,USA
13,13,0,0,0,1995,2023-02-16,USA
89,2,28,0,4,1628,2023-03-29,USA
5,155,0,3,0,398,2022-12-29,USA
3,192,0,4,0,282,2022-12-20,USA
172,0,165,0,11,132,2023-07-19,USA
264,0,105,0,7,57,2023-09-23,USA
541,0,206,0,11,90,2023-09-27,USA
106,0,106,0,8,126,2023-07-07,USA
225,0,65,0,2,18,2023-10-17,USA
97,0,78,0,4,833,2023-04-24,USA
2,366,0,0,0,281,2022-12-12,USA
0,42,0,1,0,114,2022-12-25,USA
7,40,0,0,0,703,2023-01-19,USA
3,30,0,0,0,692,2023-01-15,USA
46,0,37,0,7,114,2023-05-27,USA
269,0,223,0,19,176,2023-07-24,USA
16,4,0,0,0,1799,2023-02-22,USA
68,0,51,0,6,143,2023-05-20,USA
64,1,74,0,5,152,2023-06-15,USA
361,0,144,0,5,67,2023-09-09,USA
151,0,148,0,14,76,2023-07-30,USA
163,0,143,0,15,183,2023-07-10,USA
108,0,109,0,15,153,2023-06-20,USA
44,0,46,0,4,76,2023-06-18,USA
50,1,38,0,0,906,2023-03-30,USA
398,0,168,0,12,50,2023-10-05,USA
7,292,0,1,0,218,2022-12-13,USA
15,8,1,0,1,1844,2023-02-15,USA
2,157,0,8,0,412,2022-12-30,USA
56,0,49,0,2,135,2023-05-28,USA
85,0,68,0,5,70,2023-07-08,USA
47,0,49,0,4,87,2023-06-24,USA
72,3,32,0,2,1119,2023-04-03,USA
105,0,23,0,1,13,2023-10-21,USA
83,1,47,0,2,1247,2023-04-06,USA
161,0,146,0,15,93,2023-08-06,USA
9,5,0,0,0,1031,2023-02-19,USA
633,0,479,0,23,231,2023-08-21,USA
2,39,0,0,0,625,2023-01-14,USA
38,0,13,0,0,1,2023-10-28,USA
1,446,0,0,0,150,2022-12-06,USA
0,219,0,0,0,118,2022-12-10,USA
1,32,0,2,0,189,2023-01-01,USA
330,0,143,0,11,67,2023-09-17,USA
26,2,15,1,2,698,2023-03-19,USA
70,1,55,0,1,188,2023-05-14,USA
33,2,11,0,0,698,2023-03-18,USA
98,0,54,0,4,932,2023-04-17,USA
100,0,54,0,6,1426,2023-04-12,USA
73,1,57,0,4,878,2023-04-13,USA
112,0,72,0,4,611,2023-05-02,USA
142,0,168,0,16,148,2023-07-11,USA
677,0,421,0,22,202,2023-08-29,USA
408,0,314,0,24,178,2023-08-08,USA
341,1,257,0,27,160,2023-08-03,USA
1,72,0,4,0,147,2022-12-24,USA
5,44,1,0,0,1682,2023-01-23,USA
421,0,237,0,22,108,2023-09-01,USA
58,0,57,0,1,59,2023-06-25,USA
15,10,0,0,0,1736,2023-02-14,USA
76,0,97,0,10,98,2023-06-30,USA
604,0,352,0,24,123,2023-09-07,USA
134,0,86,0,2,8,2023-10-09,United Kingdom
27,0,15,0,0,18,2023-06-07,United Kingdom
12,0,14,0,0,12,2023-06-26,United Kingdom
21,0,13,0,3,4,2023-07-12,United Kingdom
94,0,73,0,3,13,2023-09-05,United Kingdom
74,0,35,0,4,8,2023-09-02,United Kingdom
56,0,57,0,3,8,2023-08-17,United Kingdom
90,2,0,0,0,453,2023-02-27,United Kingdom
1,42,0,0,0,26,2022-12-22,United Kingdom
50,0,0,0,0,201,2023-03-11,United Kingdom
42,0,38,0,2,8,2023-08-28,United Kingdom
52,0,43,0,3,13,2023-08-18,United Kingdom
1,50,0,0,0,0,2022-12-08,United Kingdom
71,0,45,0,1,9,2023-08-16,United Kingdom
54,0,4,0,0,128,2023-04-01,United Kingdom
10,2,0,0,0,54,2023-01-17,United Kingdom
22,0,38,0,1,7,2023-07-20,United Kingdom
96,4,6,0,1,391,2023-03-02,United Kingdom
52,0,29,0,0,9,2023-08-19,United Kingdom
38,0,20,0,1,55,2023-05-08,United Kingdom
44,0,19,0,3,51,2023-05-15,United Kingdom
136,1,2,0,1,369,2023-03-24,United Kingdom
61,1,57,0,1,9,2023-09-10,United Kingdom
28,0,37,0,2,13,2023-08-04,United Kingdom
19,0,16,0,1,8,2023-07-23,United Kingdom
114,0,89,0,6,11,2023-10-10,United Kingdom
51,0,81,0,2,13,2023-08-07,United Kingdom
35,0,8,0,0,51,2023-05-12,United Kingdom
16,0,27,0,1,29,2023-05-21,United Kingdom
93,0,61,0,5,6,2023-10-12,United Kingdom
17,1,1,0,0,148,2023-02-12,United Kingdom
66,0,55,0,0,5,2023-10-16,United Kingdom
0,27,0,0,0,9,2022-12-15,United Kingdom
1,25,0,0,0,8,2022-12-18,United Kingdom
0,44,0,0,0,1,2022-12-01,United Kingdom
56,0,53,0,8,5,2023-08-25,United Kingdom
1,64,0,0,0,22,2022-12-19,United Kingdom
0,23,0,0,0,69,2022-12-27,United Kingdom
4,4,0,0,0,49,2023-01-16,United Kingdom
37,0,22,0,0,44,2023-05-07,United Kingdom
90,0,46,0,1,8,2023-10-18,United Kingdom
0,66,0,0,0,4,2022-12-05,United Kingdom
26,0,20,0,0,38,2023-05-26,United Kingdom
0,35,0,0,0,3,2022-12-07,United Kingdom
138,2,2,0,0,411,2023-02-28,United Kingdom
99,0,66,0,3,6,2023-10-08,United Kingdom
56,4,1,0,2,300,2023-02-17,United Kingdom
14,0,24,0,1,8,2023-07-21,United Kingdom
31,1,23,0,1,16,2023-06-02,United Kingdom
4,3,0,0,0,24,2023-01-08,United Kingdom
60,0,7,0,2,95,2023-04-21,United Kingdom
130,0,83,0,4,5,2023-10-02,United Kingdom
39,1,1,0,0,164,2023-02-26,United Kingdom
43,0,20,0,1,50,2023-05-05,United Kingdom
0,31,0,0,0,1,2022-12-04,United Kingdom
0,54,0,0,0,3,2022-12-09,United Kingdom
82,0,3,0,1,215,2023-03-31,United Kingdom
79,0,61,0,4,10,2023-08-30,United Kingdom
35,0,0,0,0,169,2023-02-11,United Kingdom
0,32,0,0,0,3,2022-12-11,United Kingdom
11,0,27,0,1,5,2023-07-14,United Kingdom
3,4,0,0,0,31,2023-01-12,United Kingdom
48,0,2,0,1,102,2023-04-08,United Kingdom
87,0,63,0,2,8,2023-09-03,United Kingdom
15,0,6,0,0,12,2023-06-10,United Kingdom
43,2,0,0,0,226,2023-02-01,United Kingdom
13,0,14,0,0,8,2023-06-16,United Kingdom
82,1,46,0,3,5,2023-10-19,United Kingdom
52,0,45,0,7,9,2023-08-14,United Kingdom
151,0,3,0,0,452,2023-03-07,United Kingdom
49,0,12,0,0,71,2023-05-01,United Kingdom
11,0,18,0,1,11,2023-07-05,United Kingdom
85,0,48,0,4,7,2023-09-15,United Kingdom
147,0,100,0,7,13,2023-10-03,United Kingdom
18,0,20,0,0,27,2023-06-01,United Kingdom
66,0,14,0,0,102,2023-04-19,United Kingdom
37,0,15,0,0,67,2023-05-10,United Kingdom
32,0,24,0,2,9,2023-07-26,United Kingdom
82,0,1,0,1,375,2023-03-09,United Kingdom
52,0,16,0,3,81,2023-04-28,United Kingdom
1,11,0,0,0,26,2023-01-07,United Kingdom
6,4,0,0,0,84,2023-01-29,United Kingdom
28,0,35,0,1,5,2023-07-28,United Kingdom
1,5,0,0,0,55,2023-01-10,United Kingdom
2,35,0,0,0,31,2022-12-21,United Kingdom
25,6,0,0,0,161,2023-02-02,United Kingdom
51,0,6,0,1,122,2023-04-07,United Kingdom
88,0,14,0,1,103,2023-04-26,United Kingdom
81,0,83,0,12,12,2023-09-11,United Kingdom
86,0,70,0,5,5,2023-09-12,United Kingdom
16,0,24,0,2,4,2023-06-22,United Kingdom
4,21,0,1,0,72,2023-01-03,United Kingdom
94,0,66,0,2,7,2023-10-11,United Kingdom
0,33,0,0,0,8,2022-12-17,United Kingdom
25,0,24,0,4,12,2023-06-12,United Kingdom
0,21,0,0,0,14,2022-12-23,United Kingdom
102,1,10,0,1,185,2023-04-11,United Kingdom
43,0,31,0,2,4,2023-08-20,United Kingdom
56,0,31,0,0,7,2023-10-15,United Kingdom
20,1,31,0,3,48,2023-05-18,United Kingdom
37,0,27,0,2,4,2023-08-26,United Kingdom
99,1,0,0,5,431,2023-03-08,United Kingdom
47,1,45,0,4,11,2023-08-15,United Kingdom
38,0,12,0,0,2,2023-10-29,United Kingdom
139,0,79,0,12,17,2023-10-06,United Kingdom
6,0,15,0,0,9,2023-07-15,United Kingdom
126,0,10,0,1,344,2023-03-17,United Kingdom
38,0,53,0,0,10,2023-08-12,United Kingdom
89,0,51,0,3,6,2023-10-20,United Kingdom
22,0,15,0,2,50,2023-05-13,United Kingdom
67,0,6,0,0,115,2023-04-14,United Kingdom
120,0,1,0,1,466,2023-03-14,United Kingdom
85,0,53,0,9,7,2023-10-23,United Kingdom
67,0,64,0,7,8,2023-08-31,United Kingdom
59,0,63,0,4,15,2023-08-11,United Kingdom
13,2,0,0,0,133,2023-02-05,United Kingdom
51,0,22,0,5,4,2023-10-22,United Kingdom
35,0,23,0,2,3,2023-10-30,United Kingdom
35,0,13,0,0,47,2023-05-06,United Kingdom
15,0,20,0,1,13,2023-07-06,United Kingdom
8,0,12,0,3,13,2023-06-14,United Kingdom
84,0,1,0,0,364,2023-03-15,United Kingdom
53,0,6,0,0,107,2023-04-09,United Kingdom
91,1,1,0,0,319,2023-03-03,United Kingdom
119,0,6,0,0,290,2023-03-28,United Kingdom
5,4,0,0,0,40,2023-01-22,United Kingdom
13,0,13,0,0,4,2023-07-09,United Kingdom
15,0,27,0,1,10,2023-07-18,United Kingdom
94,1,0,0,0,438,2023-02-20,United Kingdom
69,0,4,0,1,169,2023-04-05,United Kingdom
89,0,74,0,4,6,2023-09-21,United Kingdom
8,0,9,0,1,6,2023-06-29,United Kingdom
1,2,0,0,0,30,2023-01-11,United Kingdom
89,0,47,0,5,2,2023-10-01,United Kingdom
49,0,42,0,0,9,2023-08-02,United Kingdom
125,0,2,0,0,523,2023-03-13,United Kingdom
14,2,0,0,0,110,2023-02-04,United Kingdom
6,18,0,0,0,46,2023-01-05,United Kingdom
47,0,32,0,3,10,2023-08-27,United Kingdom
66,1,35,0,3,3,2023-10-26,United Kingdom
63,0,3,0,0,170,2023-04-10,United Kingdom
59,0,11,0,1,91,2023-04-23,United Kingdom
51,0,18,0,2,50,2023-05-16,United Kingdom
19,0,8,0,0,9,2023-06-19,United Kingdom
3,16,0,0,0,82,2023-01-06,United Kingdom
90,0,7,0,0,153,2023-04-04,United Kingdom
109,0,72,0,0,13,2023-09-08,United Kingdom
108,0,6,0,1,344,2023-03-27,United Kingdom
151,0,85,0,3,16,2023-09-26,United Kingdom
67,0,46,0,1,6,2023-08-24,United Kingdom
70,0,53,0,0,9,2023-08-23,United Kingdom
55,0,38,0,1,13,2023-07-31,United Kingdom
31,0,24,0,1,43,2023-05-31,United Kingdom
145,0,2,0,0,488,2023-03-21,United Kingdom
98,0,61,0,5,8,2023-09-22,United Kingdom
3,0,6,0,0,4,2023-07-01,United Kingdom
97,0,0,0,2,369,2023-03-23,United Kingdom
0,12,0,0,0,28,2022-12-31,United Kingdom
54,0,9,0,0,84,2023-04-16,United Kingdom
0,50,0,0,0,23,2022-12-16,United Kingdom
101,1,3,0,4,437,2023-03-01,United Kingdom
69,0,62,0,6,7,2023-09-24,United Kingdom
35,0,27,0,3,5,2023-07-25,United Kingdom
48,0,33,0,5,40,2023-05-22,United Kingdom
0,27,0,0,0,8,2022-12-14,United Kingdom
94,0,57,0,2,9,2023-10-13,United Kingdom
48,0,12,0,0,115,2023-04-18,United Kingdom
31,0,25,0,0,53,2023-05-09,United Kingdom
9,0,23,0,0,7,2023-07-13,United Kingdom
41,0,14,0,0,46,2023-05-11,United Kingdom
75,0,57,0,2,16,2023-09-14,United Kingdom
107,1,1,0,0,481,2023-03-06,United Kingdom
21,10,0,0,0,169,2023-01-31,United Kingdom
18,2,0,0,0,173,2023-02-03,United Kingdom
25,0,19,0,4,31,2023-05-23,United Kingdom
101,0,61,0,5,4,2023-09-18,United Kingdom
10,2,1,0,0,91,2023-01-26,United Kingdom
99,0,75,0,7,3,2023-09-20,United Kingdom
41,0,22,0,2,54,2023-05-17,United Kingdom
23,0,14,0,1,12,2023-06-13,United Kingdom
36,0,0,0,0,166,2023-02-18,United Kingdom
37,4,0,0,0,246,2023-02-09,United Kingdom
46,0,0,0,0,274,2023-02-10,United Kingdom
56,0,21,0,1,71,2023-05-04,United Kingdom
1,23,0,0,0,60,2023-01-02,United Kingdom
4,12,0,0,0,61,2023-01-09,United Kingdom
22,0,30,0,0,7,2023-07-29,United Kingdom
8,0,5,0,0,5,2023-06-17,United Kingdom
19,1,0,0,0,131,2023-01-30,United Kingdom
34,0,25,0,0,30,2023-06-05,United Kingdom
50,0,1,0,4,233,2023-03-04,United Kingdom
104,0,3,0,6,344,2023-03-10,United Kingdom
42,2,0,0,0,263,2023-02-06,United Kingdom
15,0,31,0,0,2,2023-07-22,United Kingdom
11,0,9,0,0,4,2023-06-23,United Kingdom
21,2,0,0,0,47,2023-01-21,United Kingdom
65,2,0,0,0,330,2023-02-24,United Kingdom
30,0,11,0,3,29,2023-05-24,United Kingdom
1,4,0,0,0,45,2023-01-18,United Kingdom
28,3,0,0,3,229,2023-02-07,United Kingdom
130,1,69,0,2,11,2023-10-04,United Kingdom
45,0,7,0,0,68,2023-04-30,United Kingdom
141,0,0,0,5,355,2023-03-16,United Kingdom
9,0,11,0,2,12,2023-06-28,United Kingdom
52,0,8,0,0,85,2023-04-15,United Kingdom
6,2,0,0,0,104,2023-01-27,United Kingdom
25,0,17,0,2,17,2023-06-08,United Kingdom
46,0,60,0,2,12,2023-08-10,United Kingdom
8,0,10,0,1,6,2023-07-04,United Kingdom
11,0,16,0,1,4,2023-07-16,United Kingdom
57,0,15,0,0,74,2023-05-03,United Kingdom
63,0,35,0,0,3,2023-10-25,United Kingdom
87,0,53,0,5,10,2023-10-07,United Kingdom
22,0,16,0,0,14,2023-06-09,United Kingdom
27,0,18,0,2,32,2023-05-25,United Kingdom
49,1,2,0,4,376,2023-02-23,United Kingdom
87,0,49,0,4,2,2023-08-22,United Kingdom
70,0,0,0,0,221,2023-02-08,United Kingdom
0,49,0,0,0,1,2022-12-02,United Kingdom
110,0,2,0,0,352,2023-03-22,United Kingdom
0,10,0,0,0,32,2022-12-26,United Kingdom
9,0,10,0,0,7,2023-06-21,United Kingdom
13,0,10,0,1,2,2023-06-27,United Kingdom
24,0,16,0,2,22,2023-05-29,United Kingdom
10,5,0,0,0,96,2023-01-24,United Kingdom
22,0,23,0,0,19,2023-06-04,United Kingdom
55,0,0,0,0,470,2023-02-21,United Kingdom
112,0,65,0,0,12,2023-09-19,United Kingdom
13,2,0,0,0,99,2023-01-25,United Kingdom
60,0,3,0,1,203,2023-03-25,United Kingdom
6,8,0,0,0,52,2023-01-20,United Kingdom
50,4,0,0,0,372,2023-02-13,United Kingdom
62,2,2,0,1,209,2023-03-05,United Kingdom
64,0,38,0,1,8,2023-10-14,United Kingdom
75,0,15,0,1,119,2023-04-25,United Kingdom
62,0,44,0,1,5,2023-09-16,United Kingdom
55,0,13,0,2,106,2023-04-27,United Kingdom
30,0,32,0,0,25,2023-05-19,United Kingdom
9,19,0,0,0,86,2023-01-04,United Kingdom
129,1,2,0,1,410,2023-03-20,United Kingdom
49,0,29,0,3,2,2023-10-27,United Kingdom
14,0,16,0,1,18,2023-06-03,United Kingdom
0,25,0,0,0,0,2022-12-03,United Kingdom
26,0,42,0,1,12,2023-08-05,United Kingdom
38,0,16,0,3,28,2023-05-30,United Kingdom
10,0,9,0,2,8,2023-07-03,United Kingdom
1,59,0,0,0,32,2022-12-28,United Kingdom
42,0,6,0,0,77,2023-04-22,United Kingdom
134,0,53,0,7,6,2023-09-28,United Kingdom
92,0,66,0,8,5,2023-09-30,United Kingdom
50,0,55,0,4,16,2023-08-01,United Kingdom
110,0,77,0,2,17,2023-09-04,United Kingdom
13,1,0,0,0,67,2023-01-28,United Kingdom
93,0,50,0,3,5,2023-10-24,United Kingdom
60,0,59,0,3,17,2023-08-09,United Kingdom
71,1,1,0,0,244,2023-03-12,United Kingdom
52,0,3,0,0,138,2023-04-02,United Kingdom
74,0,3,0,0,173,2023-03-26,United Kingdom
31,0,29,0,2,33,2023-06-06,United Kingdom
39,0,43,0,0,10,2023-08-13,United Kingdom
25,2,0,0,0,190,2023-02-25,United Kingdom
70,0,10,0,4,114,2023-04-20,United Kingdom
16,0,9,0,1,16,2023-06-11,United Kingdom
92,0,97,0,0,5,2023-09-06,United Kingdom
5,0,8,0,1,6,2023-07-02,United Kingdom
33,0,34,0,3,8,2023-07-27,United Kingdom
44,0,20,0,0,65,2023-04-29,United Kingdom
136,1,64,0,5,9,2023-09-29,United Kingdom
16,0,30,0,2,9,2023-07-17,United Kingdom
3,7,0,0,0,70,2023-01-13,United Kingdom
78,0,72,0,2,9,2023-09-13,United Kingdom
110,0,75,0,7,14,2023-09-25,United Kingdom
45,3,0,0,0,315,2023-02-16,United Kingdom
82,0,4,0,0,276,2023-03-29,United Kingdom
1,39,0,0,0,71,2022-12-29,United Kingdom
3,83,0,0,0,43,2022-12-20,United Kingdom
21,1,23,0,0,6,2023-07-19,United Kingdom
73,0,52,0,2,5,2023-09-23,United Kingdom
112,0,77,0,8,14,2023-09-27,United Kingdom
23,0,18,0,1,5,2023-07-07,United Kingdom
84,0,53,0,2,4,2023-10-17,United Kingdom
64,0,18,0,0,126,2023-04-24,United Kingdom
3,69,0,0,0,7,2022-12-12,United Kingdom
1,5,0,0,0,9,2022-12-25,United Kingdom
5,4,0,0,0,52,2023-01-19,United Kingdom
6,6,0,0,0,27,2023-01-15,United Kingdom
12,0,11,0,1,20,2023-05-27,United Kingdom
15,0,39,0,1,9,2023-07-24,United Kingdom
50,0,1,0,0,348,2023-02-22,United Kingdom
22,0,19,0,2,33,2023-05-20,United Kingdom
16,1,13,0,1,12,2023-06-15,United Kingdom
87,0,55,0,3,4,2023-09-09,United Kingdom
34,0,33,0,0,8,2023-07-30,United Kingdom
19,0,12,0,0,5,2023-07-10,United Kingdom
21,0,11,0,3,8,2023-06-20,United Kingdom
13,0,11,0,0,3,2023-06-18,United Kingdom
108,0,7,0,0,275,2023-03-30,United Kingdom
133,0,73,0,9,8,2023-10-05,United Kingdom
11,53,0,0,0,11,2022-12-13,United Kingdom
55,1,0,0,0,302,2023-02-15,United Kingdom
2,26,0,0,0,84,2022-12-30,United Kingdom
22,0,23,0,0,21,2023-05-28,United Kingdom
13,0,19,0,0,4,2023-07-08,United Kingdom
12,0,10,0,1,8,2023-06-24,United Kingdom
60,0,8,0,1,203,2023-04-03,United Kingdom
49,0,39,0,0,5,2023-10-21,United Kingdom
61,0,9,0,1,172,2023-04-06,United Kingdom
36,0,44,0,4,10,2023-08-06,United Kingdom
31,1,2,0,0,220,2023-02-19,United Kingdom
74,0,49,0,3,6,2023-08-21,United Kingdom
1,5,0,0,0,28,2023-01-14,United Kingdom
38,0,9,0,1,3,2023-10-28,United Kingdom
0,64,0,0,0,4,2022-12-06,United Kingdom
0,38,0,0,0,3,2022-12-10,United Kingdom
2,14,1,0,0,16,2023-01-01,United Kingdom
76,0,43,0,4,10,2023-09-17,United Kingdom
59,0,1,0,1,207,2023-03-19,United Kingdom
28,0,18,0,0,39,2023-05-14,United Kingdom
85,0,1,0,0,210,2023-03-18,United Kingdom
85,0,16,0,0,157,2023-04-17,United Kingdom
93,0,4,0,1,198,2023-04-12,United Kingdom
63,0,12,0,1,136,2023-04-13,United Kingdom
70,0,15,0,1,95,2023-05-02,United Kingdom
19,0,20,0,1,8,2023-07-11,United Kingdom
82,0,42,0,1,12,2023-08-29,United Kingdom
51,0,70,0,3,16,2023-08-08,United Kingdom
52,0,42,0,1,10,2023-08-03,United Kingdom
1,17,0,0,0,13,2022-12-24,United Kingdom
1,3,0,0,0,73,2023-01-23,United Kingdom
69,0,67,0,0,11,2023-09-01,United Kingdom
6,0,6,0,0,4,2023-06-25,United Kingdom
50,1,0,0,1,362,2023-02-14,United Kingdom
8,0,13,0,0,13,2023-06-30,United Kingdom
84,0,81,0,5,7,2023-09-07,United Kingdom
